Listado de Fallecidos

Ord. Pais                 Cant.Hab.  Ene   Feb   Mar   Abr   May   Jun   Jul   Ago   Sep   Oct   Nov   Dic   Tot.    Porc.
   1 Estados Unidos        331000000   200     0     0     0     0   210   710     0     0     0     0   833   1953 0.00059
   2 India                1390000000     0     0   300     0   310     0     0     0     0     0     0     0    610 0.00004
   3 Mexico                128000000     0   100   220     0     0     0     0   110     0     0     0     0    430 0.00034
   4 Canada                 38000000     0   369     0     0     0     0     0     0    35     0     0     0    404 0.00106
   5 Francia                67000000     0     0     0    80     0     0    85     0     0     0     0   161    326 0.00049
   6 China                1410000000   150     0     0     0     0     0   160     0     0     0     0     0    310 0.00002
   7 Brasil                213000000     0   150     0     0     0     0     0     0   160     0     0     0    310 0.00015
   8 Alemania               83000000     0     0     0     0    90     0     0    90     0    95     0     0    275 0.00033
   9 Rusia                 144000000     0   120     0     0     0     0     0   130     0     0     0     0    250 0.00017
  10 Reino Unido            67000000     0     0     0     0     0    75     0    78    78     0     0     0    231 0.00034
  11 Italia                 59000000     0     0    70    72     0     0     0     0     0     0     0    65    207 0.00035
  12 Espana                 48000000     0    55    60     0    60     0     0     0     0     0     0     0    175 0.00036
  13 Argentina              46000000    50     0    80     0     0     0     0     0     0     0     0    40    170 0.00037
  14 Egipto                104000000     0     0    40     0     0     0     0     0    84     0     0     0    124 0.00012
  15 Sudafrica              60000000     0    35     0     0    31    38     0     0     0     0     0     0    104 0.00017
  16 Peru                   33000000     0     0    40     0    45     0     0     0     0     0     0     0     85 0.00026
  17 Chile                  19000000     0     0     0     0    20    51     0     0     0     0     0     0     71 0.00037
  18 Japon                 125000000     0     0     0     0     0     0     0    35     0    30     0     0     65 0.00005
  19 Australia              26000000    20     0     0    22     0     0     0     0     0     0     0     0     42 0.00016
  20 Uruguay                 3500000     0     0     0    10     0     0    12     0     0     0     0     0     22 0.00063
