Listado de Recuperados

Ord. Pais                 Cant.Hab.  Ene   Feb   Mar   Abr   May   Jun   Jul   Ago   Sep   Oct   Nov   Dic   Tot.    Porc.
   1 Estados Unidos        331000000  3500     0     0     0     0  3600  5600     0     0     0     0  5200  17900 0.00541
   2 India                1390000000     0     0  4500     0  4600     0     0     0     0     0     0     0   9100 0.00065
   3 Mexico                128000000     0  1800  4600     0     0     0     0  1850     0     0     0     0   8250 0.00645
   4 Francia                67000000     0     0     0  1600     0     0  1700     0     0     0     0  3300   6600 0.00985
   5 China                1410000000  3000     0     0     0     0     0  3200     0     0     0     0     0   6200 0.00044
   6 Alemania               83000000     0     0     0     0  1800     0     0  1800     0  1850     0     0   5450 0.00657
   7 Reino Unido            67000000     0     0     0     0     0  1500     0  1550  1550     0     0     0   4600 0.00687
   8 Italia                 59000000     0     0  1500  1500     0     0     0     0     0     0     0  1600   4600 0.00780
   9 Rusia                 144000000     0  2100     0     0     0     0     0  2200     0     0     0     0   4300 0.00299
  10 Brasil                213000000     0  2000     0     0     0     0     0     0  2100     0     0     0   4100 0.00192
  11 Espana                 48000000     0  1300  1200     0  1200     0     0     0     0     0     0     0   3700 0.00771
  12 Argentina              46000000   800     0  1700     0     0     0     0     0     0     0     0   800   3300 0.00717
  13 Canada                 38000000     0  2450     0     0     0     0     0     0   850     0     0     0   3300 0.00868
  14 Egipto                104000000     0     0   800     0     0     0     0     0  1640     0     0     0   2440 0.00235
  15 Chile                  19000000     0     0     0     0   600  1300     0     0     0     0     0     0   1900 0.01000
  16 Peru                   33000000     0     0   900     0   950     0     0     0     0     0     0     0   1850 0.00561
  17 Sudafrica              60000000     0   700     0     0   100   720     0     0     0     0     0     0   1520 0.00253
  18 Japon                 125000000     0     0     0     0     0     0     0   750     0   700     0     0   1450 0.00116
  19 Australia              26000000   500     0     0   520     0     0     0     0     0     0     0     0   1020 0.00392
  20 Uruguay                 3500000     0     0     0   150     0     0   170     0     0     0     0     0    320 0.00914
