Argentina             1 15  5000  1200   800    50
Argentina             3 10  5200  1100   900    40
Argentina             3 11  5200  1100   800    40
Brasil                2 20 15000  3500  2000   150
Uruguay               4  8  1000   200   150    10
Brasil                9  1 15200  3600  2100   160
Chile                 5 12  4000   800   600    20
Mexico                8 19 12500  2600  1850   110
Uruguay               7 14  1100   250   170    12
Peru                  3 22  6000  1200   900    40
Italia               12 25  8200  1900  1600    65
Mexico                2 11 12000  2500  1800   100
Estados Unidos        6 30 20500  5100  3600   210
Canada                9 21  5200  1050   850    35
Espana                5 19  7000  1800  1200    60
Sudafrica             2 28  4800   900   700    35
Alemania              5  9  9500  2300  1800    90
Italia                3 13  8000  2000  1500    70
Canada                2 14  5000  1000   800    30
Francia               4 16  9000  2100  1600    80
Chile                 6 18  4200   850   650    25
Estados Unidos        1 25 20000  5000  3500   200
Egipto                9 13  5600  1150   820    42
Francia               7 27  9100  2200  1700    85
Reino Unido           9 29  8800  2050  1550    78
Rusia                 2 17 13000  3000  2100   120
Sudafrica             5 27  4000   900   100    31
Francia              12 23  2000  2100  1600    80
Canada                2 20 15200  1050   850   305
Espana                2  3  7100  1700  1300    55
Rusia                 8 23 13500  3100  2200   130
India                 5 27 22500  6100  4600   310
Peru                  5  5  6100  1250   950    45
Francia              12 27 12100  2700  1700    81
Reino Unido           6  4  8700  2000  1500    75
Chile                 6 28  7200   850   650    26
China                 7 14 25500  4200  3200   160
Australia             4 25  3600   650   520    22
Japon                 8 16  6100   950   750    35
India                 3 21 22000  6000  4500   300
China                 1  8 25000  4000  3000   150
Australia             1 19  3500   600   500    20
Egipto                3  7  5500  1100   800    40
Sudafrica             6  6  4900   950   720    38
Estados Unidos        7 14 30500  5100  5600   710
Mexico                3 11 45100  2500  1800   120
Mexico                3 14 34100  2200  2800   100
Espana                3 19  2000  1800  1200    60
Alemania             10 11  9600  2400  1850    95
Alemania              8 12 31200  2300  1800    90
Italia                4 13  8000  2000  1500    72
Estados Unidos       12 21 24200  5100  3700   610
Canada                2 14 11000  1000   800    34
Japon                10 10  6000   900   700    30
Estados Unidos       12 15 20000  5000  1500   223
Egipto                9 13  5600  2350   820    42
Reino Unido           8 29  8800  2050  1550    78
Argentina            12 11  5200  1100   800    40
